58,0
56,2
56,1
55,2
55,1
54,2
54,1
21,3
20,3
20,2
20,1
14,3
13,3
12,3
12,2
12,1
11,30
11,29
11,28
11,27
11,26
11,25
11,23
11,21
11,20
11,19
11,18
11,17
11,16
11,15
11,14
11,12
11,11
11,10
11,9
11,8
11,6
11,5
11,4
11,3
11,2
10,314
10,309
10,302
10,299
10,283
10,263
10,255
10,251
10,249
10,237
10,232
10,224
10,210
10,208
10,198
10,191
10,190
10,189
10,186
10,182
10,179
10,173
10,159
10,149
10,132
10,128
10,121
10,115
10,106
10,104
10,93
10,87
10,80
10,69
10,34
10,33
10,28
10,24
10,14
10,13
10,3
10,2
9,7
9,6
9,5
9,4
9,3
9,2
8,18
8,17
8,16
8,15
8,14
8,13
8,12
8,11
8,10
8,9
8,8
8,7
8,3
8,2
3,3
3,2
3,1
2,2
2,3
0,511
0,510
0,509
0,397
0,396
0,395
0,394
0,393
0,392
0,391
0,390
0,389
0,388
0,387
0,386
0,385
0,384
0,383
0,382
0,381
0,380
0,379
0,378
0,377
0,376
0,375
0,374
0,371
0,370
0,369
0,368
0,367
0,366
0,365
0,364
0,363
0,362
0,361
0,360
0,359
0,358
0,357
0,356
0,355
0,354
0,353
0,352
0,351
0,350
0,349
0,348
0,347
0,346
0,345
0,344
0,343
0,342
0,341
0,340
0,339
0,338
0,337
0,336
0,335
0,334
0,333
0,332
0,331
0,330
0,329
0,328
0,327
0,326
0,325
0,324
0,323
0,322
0,321
0,318
0,317
0,316
0,315
0,314
0,313
0,312
0,311
0,310
0,309
0,308
0,307
0,306
0,305
0,304
0,303
0,302
0,301
0,300
0,299
0,298
0,297
0,296
0,295
0,294
0,293
0,292
0,291
0,290
0,289
0,288
0,287
0,286
0,285
0,284
0,283
0,282
0,281
0,280
0,279
0,277
0,274
0,243
0,47
0,46
0,9
0,2
58,1
58,2
59,0
59,1
59,3
60,0
60,2
60,4
60,5
60,8
60,9
60,11
61,1
61,2
62,0
62,1
62,3
63,0
63,2
64,0
64,1
64,3
65,0
65,2
66,0
66,1
66,3
67,0
67,2
67,3
67,5
67,8
67,9
67,11
67,12
67,14
67,16
68,0
68,2
68,3
69,1
69,2
69,4
70,1
70,2
71,0
71,1
71,3
72,1
72,2
73,0
73,1
73,3
74,1
74,2
74,4
74,5
74,7
74,8
74,10
74,12
74,13
74,15
74,16
74,18
74,20
74,21
74,23
74,24
74,26
74,27
74,29
74,31
74,32
74,34
74,35
74,37
74,40
74,41
74,43
74,44
74,46
74,47
74,49
74,51
74,52
74,54
74,55
74,57
74,65
74,66
74,68
74,69
74,71
74,73
74,74
74,76
74,77
74,79
74,80
74,82
75,0
75,1
75,3
75,4
76,0
76,2
76,3
77,1
77,2
77,4
77,5
77,7
78,0
78,1
78,3
79,0
79,2
80,0
80,1
80,3
81,0
81,2
81,3
82,1
82,3
82,4
83,1
83,2
84,0
84,2
84,3
85,1
85,2
86,0
86,1
86,3
87,1
87,2
87,4
87,3
87,0
86,2
85,3
85,0
84,1
83,3
83,0
82,2
82,0
81,1
80,2
79,3
79,1
78,2
77,8
77,6
77,3
77,0
76,1
75,5
75,2
74,83
74,81
74,78
74,75
74,72
74,70
74,67
74,64
74,56
74,53
74,50
74,48
74,45
74,42
74,38
74,36
74,33
74,30
74,28
74,25
74,22
74,19
74,17
74,14
74,11
74,9
74,6
74,3
74,0
73,2
72,3
72,0
71,2
70,3
70,0
69,3
69,0
68,1
67,15
67,13
67,10
67,6
67,4
67,1
66,2
65,3
65,1
64,2
63,3
63,1
62,2
61,3
61,0
60,10
60,7
60,3
60,1
59,2
58,3
54,45
56,44
55,44
54,44
56,43
55,43
54,43
56,42
55,42
54,42
56,41
55,41
54,41
56,40
55,40
54,40
56,39
55,39
54,39
56,38
55,38
54,38
56,37
55,37
54,37
56,36
55,36
54,36
56,35
55,35
54,35
56,34
55,34
54,34
56,33
55,33
54,33
56,32
55,32
54,32
56,31
55,31
54,31
56,30
55,30
54,30
56,29
55,29
54,29
56,28
55,28
54,28
56,27
55,27
54,27
56,26
55,26
54,26
56,25
55,25
54,25
56,24
55,24
54,24
56,23
55,23
54,23
56,22
55,22
54,22
56,21
55,21
54,21
56,20
55,20
54,20
56,19
55,19
54,19
56,18
55,18
54,18
56,17
55,17
54,17
56,16
55,16
54,16
56,15
55,15
54,15
56,14
55,14
54,14
56,13
55,13
54,13
56,12
55,12
54,12
56,11
55,11
54,11
56,10
55,10
54,10
56,9
55,9
54,9
56,8
55,8
54,8
56,7
55,7
54,7
56,6
55,6
54,6
56,5
55,5
54,5
56,4
55,4
54,4
56,3
56,0
55,3
55,0
54,3
54,0
0,372
0,269
0,6
0,0
0,272
0,271
0,278
0,273
0,270
0,12
0,45
0,10
0,8
0,11
0,5
0,7
0,4
0,3
